Th 0 BCAST_S,Th 0 BCAST_E,Th 0 BCAST_D,Th 1 BCAST_S,Th 1 BCAST_E,Th 1 BCAST_D,Th 2 BCAST_S,Th 2 BCAST_E,Th 2 BCAST_D,Th 3 BCAST_S,Th 3 BCAST_E,Th 3 BCAST_D,Th 4 BCAST_S,Th 4 BCAST_E,Th 4 BCAST_D,Th 5 BCAST_S,Th 5 BCAST_E,Th 5 BCAST_D,Th 6 BCAST_S,Th 6 BCAST_E,Th 6 BCAST_D,Th 7 BCAST_S,Th 7 BCAST_E,Th 7 BCAST_D,Th 8 BCAST_S,Th 8 BCAST_E,Th 8 BCAST_D,Th 9 BCAST_S,Th 9 BCAST_E,Th 9 BCAST_D,Th 10 BCAST_S,Th 10 BCAST_E,Th 10 BCAST_D,Th 11 BCAST_S,Th 11 BCAST_E,Th 11 BCAST_D,Th 12 BCAST_S,Th 12 BCAST_E,Th 12 BCAST_D,Th 13 BCAST_S,Th 13 BCAST_E,Th 13 BCAST_D,Th 14 BCAST_S,Th 14 BCAST_E,Th 14 BCAST_D,Th 15 BCAST_S,Th 15 BCAST_E,Th 15 BCAST_D,Th 16 BCAST_S,Th 16 BCAST_E,Th 16 BCAST_D,Th 17 BCAST_S,Th 17 BCAST_E,Th 17 BCAST_D,Th 18 BCAST_S,Th 18 BCAST_E,Th 18 BCAST_D,Th 19 BCAST_S,Th 19 BCAST_E,Th 19 BCAST_D,Th 20 BCAST_S,Th 20 BCAST_E,Th 20 BCAST_D,Th 21 BCAST_S,Th 21 BCAST_E,Th 21 BCAST_D,Th 22 BCAST_S,Th 22 BCAST_E,Th 22 BCAST_D,Th 23 BCAST_S,Th 23 BCAST_E,Th 23 BCAST_D,Th 24 BCAST_S,Th 24 BCAST_E,Th 24 BCAST_D,Th 25 BCAST_S,Th 25 BCAST_E,Th 25 BCAST_D,Th 26 BCAST_S,Th 26 BCAST_E,Th 26 BCAST_D,Th 27 BCAST_S,Th 27 BCAST_E,Th 27 BCAST_D,Th 28 BCAST_S,Th 28 BCAST_E,Th 28 BCAST_D,Th 29 BCAST_S,Th 29 BCAST_E,Th 29 BCAST_D,Th 30 BCAST_S,Th 30 BCAST_E,Th 30 BCAST_D,Th 31 BCAST_S,Th 31 BCAST_E,Th 31 BCAST_D,Th 32 BCAST_S,Th 32 BCAST_E,Th 32 BCAST_D,Th 33 BCAST_S,Th 33 BCAST_E,Th 33 BCAST_D,Th 34 BCAST_S,Th 34 BCAST_E,Th 34 BCAST_D,Th 35 BCAST_S,Th 35 BCAST_E,Th 35 BCAST_D
2.576000,34435.347000,34432.771000,1.536000,728.879000,727.343000,1.647000,1040.145000,1038.498000,1.688000,948.474000,946.786000,1.551000,522.254000,520.703000,1.657000,1170.315000,1168.658000,1.547000,674.627000,673.080000,1.600000,3869.911000,3868.311000,1.630000,3175.844000,3174.214000,1.599000,2729.790000,2728.191000,1.568000,2923.031000,2921.463000,1.696000,2675.620000,2673.924000,1.699000,1573.361000,1571.662000,1.570000,1771.349000,1769.779000,1.548000,885.907000,884.359000,1.582000,1214.057000,1212.475000,1.585000,1165.270000,1163.685000,1.614000,939.246000,937.632000,1.568000,632.584000,631.016000,1.656000,844.396000,842.740000,1.561000,680.393000,678.832000,1.431000,946.755000,945.324000,1.670000,872.156000,870.486000,1.663000,631.026000,629.363000,1.724000,631.461000,629.737000,1.408000,1015.183000,1013.775000,1.666000,630.947000,629.281000,1.486000,1051.677000,1050.191000,1.710000,785.195000,783.485000,2.226000,619.665000,617.439000,1.943000,659.679000,657.736000,1.502000,1094.500000,1092.998000,1.660000,619.592000,617.932000,1.481000,816.767000,815.286000,1.589000,607.683000,606.094000,1.496000,533.181000,531.685000
1.198000,18685.976000,18684.778000,1.411000,834.364000,832.953000,1.467000,1356.929000,1355.462000,1.714000,1859.012000,1857.298000,1.424000,2379.628000,2378.204000,1.503000,2917.040000,2915.537000,1.371000,3183.848000,3182.477000,1.539000,3916.793000,3915.254000,1.510000,4472.388000,4470.878000,1.389000,5011.302000,5009.913000,1.359000,5536.806000,5535.447000,1.476000,6094.656000,6093.180000,1.459000,6396.878000,6395.419000,1.571000,7110.213000,7108.642000,1.524000,7632.044000,7630.520000,1.461000,8137.375000,8135.914000,1.557000,8659.147000,8657.590000,1.451000,9196.695000,9195.244000,1.667000,9593.791000,9592.124000,1.572000,10212.320000,10210.748000,1.385000,10755.079000,10753.694000,1.479000,11295.455000,11293.976000,1.536000,11852.624000,11851.088000,1.426000,12378.696000,12377.270000,1.530000,12809.627000,12808.097000,1.456000,13429.027000,13427.571000,1.387000,13950.736000,13949.349000,1.551000,14457.875000,14456.324000,1.379000,14979.161000,14977.782000,1.374000,15519.271000,15517.897000,1.333000,16045.359000,16044.026000,1.338000,16586.777000,16585.439000,1.121000,17118.806000,17117.685000,1.127000,17650.035000,17648.908000,1.039000,18185.433000,18184.394000,0.991000,18748.036000,18747.045000
1.127000,18740.176000,18739.049000,1.406000,658.909000,657.503000,1.278000,1168.634000,1167.356000,1.238000,1691.557000,1690.319000,1.240000,2216.152000,2214.912000,1.256000,2757.780000,2756.524000,1.224000,3154.570000,3153.346000,1.320000,3788.706000,3787.386000,1.344000,4313.737000,4312.393000,1.228000,4855.380000,4854.152000,1.221000,5382.540000,5381.319000,1.178000,5909.396000,5908.218000,1.100000,6341.046000,6339.946000,1.186000,6972.214000,6971.028000,1.064000,7504.100000,7503.036000,1.160000,8029.015000,8027.855000,1.194000,8568.564000,8567.370000,1.130000,9125.906000,9124.776000,1.234000,9564.821000,9563.587000,1.166000,10204.163000,10202.997000,1.112000,10748.763000,10747.651000,1.119000,11275.349000,11274.230000,1.086000,11833.967000,11832.881000,1.115000,12358.674000,12357.559000,1.099000,12813.453000,12812.354000,1.075000,13470.018000,13468.943000,1.151000,14010.439000,14009.288000,1.085000,14535.946000,14534.861000,1.119000,15075.918000,15074.799000,1.066000,15615.811000,15614.745000,0.988000,16033.044000,16032.056000,1.180000,16578.003000,16576.823000,0.999000,17207.978000,17206.979000,1.031000,17749.491000,17748.460000,1.005000,18308.496000,18307.491000,0.984000,18837.036000,18836.052000
1.138000,18755.197000,18754.059000,1.154000,644.756000,643.602000,1.214000,1154.523000,1153.309000,1.090000,1692.965000,1691.875000,1.136000,2233.443000,2232.307000,1.178000,2774.322000,2773.144000,1.094000,3198.628000,3197.534000,1.140000,3836.299000,3835.159000,1.174000,4376.994000,4375.820000,1.148000,4900.896000,4899.748000,1.163000,5427.123000,5425.960000,1.090000,5969.502000,5968.412000,1.157000,6412.169000,6411.012000,1.222000,7031.674000,7030.452000,1.018000,7587.555000,7586.537000,1.056000,8128.249000,8127.193000,1.099000,8644.150000,8643.051000,1.065000,9201.739000,9200.674000,1.216000,9634.631000,9633.415000,1.236000,10265.318000,10264.082000,1.056000,10809.467000,10808.411000,1.072000,11336.285000,11335.213000,1.058000,11894.777000,11893.719000,1.070000,12419.493000,12418.423000,1.126000,12866.518000,12865.392000,1.068000,13514.890000,13513.822000,1.076000,14055.550000,14054.474000,1.075000,14581.547000,14580.472000,1.064000,15121.967000,15120.903000,1.066000,15661.728000,15660.662000,1.098000,16085.300000,16084.202000,1.132000,16629.784000,16628.652000,0.971000,17257.286000,17256.315000,0.953000,17781.834000,17780.881000,0.979000,18316.219000,18315.240000,0.967000,18844.059000,18843.092000
1.143000,18746.742000,18745.599000,1.155000,642.580000,641.425000,1.186000,1152.834000,1151.648000,1.351000,1691.348000,1689.997000,1.065000,2231.099000,2230.034000,1.142000,2772.427000,2771.285000,1.060000,3199.458000,3198.398000,1.143000,3835.403000,3834.260000,1.123000,4376.033000,4374.910000,1.079000,4899.786000,4898.707000,1.142000,5426.052000,5424.910000,1.129000,5968.594000,5967.465000,1.086000,6414.034000,6412.948000,1.245000,7031.736000,7030.491000,1.043000,7587.764000,7586.721000,1.083000,8145.259000,8144.176000,1.098000,8684.757000,8683.659000,1.062000,9226.106000,9225.044000,1.168000,9682.798000,9681.630000,1.121000,10311.308000,10310.187000,1.067000,10855.164000,10854.097000,1.062000,11397.839000,11396.777000,1.044000,11956.349000,11955.305000,1.059000,12480.656000,12479.597000,1.088000,12930.279000,12929.191000,1.063000,13576.207000,13575.144000,1.066000,14116.354000,14115.288000,1.068000,14641.996000,14640.928000,1.050000,15182.325000,15181.275000,1.054000,15723.213000,15722.159000,1.061000,16148.697000,16147.636000,1.131000,16564.339000,16563.208000,1.077000,17275.523000,17274.446000,1.062000,17800.101000,17799.039000,0.974000,18310.705000,18309.731000,0.950000,18699.213000,18698.263000
1.116000,18651.022000,18649.906000,1.186000,630.486000,629.300000,1.192000,1140.996000,1139.804000,1.049000,1680.039000,1678.990000,1.070000,2204.776000,2203.706000,1.129000,2729.641000,2728.512000,1.112000,3168.154000,3167.042000,1.116000,3792.738000,3791.622000,1.122000,4333.377000,4332.255000,1.165000,4857.174000,4856.009000,1.086000,5383.565000,5382.479000,1.156000,5926.132000,5924.976000,1.115000,6383.615000,6382.500000,1.289000,6990.160000,6988.871000,1.042000,7529.808000,7528.766000,1.179000,8087.270000,8086.091000,1.057000,8643.156000,8642.099000,1.086000,9168.567000,9167.481000,0.958000,9615.657000,9614.699000,1.032000,10216.681000,10215.649000,0.989000,10750.729000,10749.740000,1.001000,11293.123000,11292.122000,0.970000,11851.785000,11850.815000,0.994000,12376.159000,12375.165000,0.996000,12837.271000,12836.275000,1.017000,13456.254000,13455.237000,0.956000,13996.755000,13995.799000,1.006000,14522.175000,14521.169000,0.975000,15062.531000,15061.556000,0.973000,15602.585000,15601.612000,0.953000,16038.336000,16037.383000,1.186000,16565.781000,16564.595000,0.959000,17163.914000,17162.955000,0.952000,17688.074000,17687.122000,1.082000,18214.908000,18213.826000,1.014000,18726.672000,18725.658000
1.115000,18617.201000,18616.086000,1.177000,642.181000,641.004000,1.162000,1167.727000,1166.565000,1.206000,1727.526000,1726.320000,1.061000,2252.454000,2251.393000,1.115000,2777.011000,2775.896000,1.081000,3203.954000,3202.873000,1.037000,3839.653000,3838.616000,1.138000,4380.266000,4379.128000,1.107000,4903.769000,4902.662000,1.110000,5430.173000,5429.063000,1.151000,5972.521000,5971.370000,1.056000,6417.769000,6416.713000,1.141000,7035.598000,7034.457000,1.057000,7574.736000,7573.679000,1.077000,8116.419000,8115.342000,1.101000,8672.300000,8671.199000,1.159000,9197.487000,9196.328000,1.163000,9616.000000,9614.837000,1.120000,10245.129000,10244.009000,0.976000,10788.282000,10787.306000,0.962000,11299.321000,11298.359000,0.966000,11842.819000,11841.853000,0.975000,12367.604000,12366.629000,0.957000,12817.095000,12816.138000,0.938000,13447.514000,13446.576000,0.966000,13988.015000,13987.049000,0.999000,14498.297000,14497.298000,0.963000,15038.937000,15037.974000,0.972000,15579.059000,15578.087000,0.979000,16003.601000,16002.622000,1.162000,16531.227000,16530.065000,0.961000,17141.631000,17140.670000,0.976000,17666.350000,17665.374000,0.972000,18193.245000,18192.273000,0.963000,18704.591000,18703.628000
1.122000,18511.403000,18510.281000,1.144000,607.803000,606.659000,1.123000,1150.081000,1148.958000,1.035000,1672.228000,1671.193000,1.055000,2181.057000,2180.002000,1.100000,2689.404000,2688.304000,1.103000,3125.292000,3124.189000,1.077000,3759.888000,3758.811000,1.091000,4284.557000,4283.466000,1.057000,4808.331000,4807.274000,1.053000,5334.307000,5333.254000,1.240000,5876.428000,5875.188000,1.053000,6323.346000,6322.293000,1.070000,6939.597000,6938.527000,0.991000,7478.835000,7477.844000,1.051000,8020.539000,8019.488000,1.083000,8576.234000,8575.151000,1.059000,9085.647000,9084.588000,1.196000,9505.165000,9503.969000,1.118000,10133.282000,10132.164000,1.063000,10692.915000,10691.852000,1.077000,11220.336000,11219.259000,0.969000,11747.041000,11746.072000,0.958000,12287.538000,12286.580000,1.002000,12721.876000,12720.874000,0.987000,13341.165000,13340.178000,0.955000,13881.585000,13880.630000,0.984000,14391.770000,14390.786000,0.959000,14932.505000,14931.546000,0.959000,15472.312000,15471.353000,0.952000,15897.945000,15896.993000,1.134000,16425.586000,16424.452000,0.969000,17034.097000,17033.128000,0.975000,17558.583000,17557.608000,0.992000,18085.532000,18084.540000,0.960000,18597.313000,18596.353000
1.108000,18528.580000,18527.472000,1.141000,611.353000,610.212000,1.160000,1154.008000,1152.848000,1.060000,1692.550000,1691.490000,1.021000,2217.951000,2216.930000,1.142000,2743.410000,2742.268000,1.031000,3184.785000,3183.754000,1.066000,3838.658000,3837.592000,1.066000,4358.305000,4357.239000,1.061000,4882.299000,4881.238000,1.086000,5408.225000,5407.139000,1.101000,5934.674000,5933.573000,1.056000,6378.006000,6376.950000,1.064000,6997.802000,6996.738000,1.117000,7537.206000,7536.089000,1.054000,8078.823000,8077.769000,1.064000,8634.729000,8633.665000,1.057000,9143.874000,9142.817000,1.141000,9559.748000,9558.607000,1.227000,10190.738000,10189.511000,1.067000,10735.019000,10733.952000,1.057000,11262.273000,11261.216000,1.037000,11804.938000,11803.901000,1.050000,12345.578000,12344.528000,1.029000,12760.227000,12759.198000,0.958000,13360.390000,13359.432000,0.954000,13885.248000,13884.294000,0.951000,14428.658000,14427.707000,0.957000,14952.646000,14951.689000,0.960000,15492.701000,15491.741000,0.964000,15915.376000,15914.412000,1.301000,16443.000000,16441.699000,0.961000,17055.390000,17054.429000,0.944000,17580.116000,17579.172000,0.965000,18106.800000,18105.835000,0.997000,18617.841000,18616.844000
1.133000,18528.987000,18527.854000,1.152000,613.780000,612.628000,1.179000,1155.927000,1154.748000,1.074000,1694.623000,1693.549000,1.027000,2219.990000,2218.963000,1.116000,2745.355000,2744.239000,1.063000,3167.479000,3166.416000,1.069000,3807.562000,3806.493000,1.076000,4332.157000,4331.081000,1.061000,4839.419000,4838.358000,1.055000,5381.166000,5380.111000,1.092000,5914.711000,5913.619000,1.058000,6355.801000,6354.743000,1.056000,6978.225000,6977.169000,0.981000,7517.486000,7516.505000,1.087000,8059.480000,8058.393000,1.082000,8615.172000,8614.090000,1.135000,9124.543000,9123.408000,1.139000,9538.239000,9537.100000,1.245000,10155.020000,10153.775000,1.059000,10699.202000,10698.143000,1.064000,11226.709000,11225.645000,1.052000,11753.524000,11752.472000,1.080000,12294.176000,12293.096000,1.038000,12706.376000,12705.338000,1.033000,13325.517000,13324.484000,1.068000,13850.418000,13849.350000,0.947000,14393.270000,14392.323000,0.958000,14900.747000,14899.789000,0.959000,15424.414000,15423.455000,0.957000,15867.495000,15866.538000,1.131000,16394.664000,16393.533000,0.953000,17009.497000,17008.544000,0.946000,17550.667000,17549.721000,0.975000,18093.196000,18092.221000,0.958000,18620.820000,18619.862000
1.154000,18883.909000,18882.755000,1.148000,630.042000,628.894000,1.131000,1172.494000,1171.363000,1.060000,1727.314000,1726.254000,1.057000,2251.966000,2250.909000,1.126000,2793.312000,2792.186000,1.140000,3216.200000,3215.060000,1.100000,3871.643000,3870.543000,1.074000,4396.285000,4395.211000,1.053000,4937.114000,4936.061000,1.066000,5462.683000,5461.617000,1.105000,6004.393000,6003.288000,1.065000,6462.044000,6460.979000,1.212000,7114.150000,7112.938000,0.996000,7670.383000,7669.387000,1.060000,8227.869000,8226.809000,1.075000,8783.722000,8782.647000,1.067000,9308.806000,9307.739000,1.098000,9723.785000,9722.687000,1.075000,10356.702000,10355.627000,1.075000,10915.928000,10914.853000,1.071000,11460.045000,11458.974000,1.055000,12002.743000,12001.688000,1.069000,12560.331000,12559.262000,1.064000,12973.444000,12972.380000,1.061000,13607.104000,13606.043000,1.099000,14148.439000,14147.340000,1.038000,14689.976000,14688.938000,1.054000,15230.682000,15229.628000,1.044000,15737.839000,15736.795000,0.954000,16207.566000,16206.612000,1.161000,16751.773000,16750.612000,0.962000,17379.425000,17378.463000,0.948000,17920.957000,17920.009000,0.969000,18463.275000,18462.306000,0.957000,18974.850000,18973.893000
1.119000,18797.217000,18796.098000,1.157000,627.671000,626.514000,1.143000,1170.022000,1168.879000,1.085000,1724.957000,1723.872000,1.051000,2233.519000,2232.468000,1.130000,2774.585000,2773.455000,1.102000,3215.275000,3214.173000,1.114000,3869.545000,3868.431000,1.124000,4393.952000,4392.828000,1.172000,4901.507000,4900.335000,1.064000,5427.203000,5426.139000,1.140000,5985.663000,5984.523000,1.062000,6428.113000,6427.051000,1.069000,7063.923000,7062.854000,1.071000,7603.355000,7602.284000,1.038000,8148.354000,8147.316000,1.056000,8704.239000,8703.183000,1.038000,9229.351000,9228.313000,1.148000,9646.244000,9645.096000,1.085000,10277.505000,10276.420000,1.032000,10836.972000,10835.940000,1.043000,11380.618000,11379.575000,1.038000,11923.477000,11922.439000,1.033000,12480.774000,12479.741000,1.085000,12895.706000,12894.621000,1.044000,13527.986000,13526.942000,1.059000,14069.333000,14068.274000,1.033000,14610.973000,14609.940000,1.046000,15151.633000,15150.587000,1.039000,15658.935000,15657.896000,1.037000,16113.548000,16112.511000,1.139000,16657.748000,16656.609000,0.969000,17285.950000,17284.981000,0.948000,17826.779000,17825.831000,0.971000,18358.430000,18357.459000,0.960000,18886.155000,18885.195000
1.123000,18711.387000,18710.264000,1.153000,626.396000,625.243000,1.162000,1169.173000,1168.011000,1.066000,1724.026000,1722.960000,1.026000,2232.819000,2231.793000,1.115000,2774.334000,2773.219000,1.057000,3216.307000,3215.250000,1.117000,3868.869000,3867.752000,1.110000,4393.355000,4392.245000,1.062000,4901.057000,4899.995000,1.095000,5426.645000,5425.550000,1.072000,5984.892000,5983.820000,1.134000,6428.951000,6427.817000,1.173000,7080.714000,7079.541000,1.044000,7603.401000,7602.357000,1.042000,8128.152000,8127.110000,1.072000,8667.743000,8666.671000,1.064000,9213.027000,9211.963000,1.172000,9631.595000,9630.423000,1.230000,10261.535000,10260.305000,1.059000,10820.815000,10819.756000,1.061000,11364.675000,11363.614000,1.055000,11907.317000,11906.262000,1.078000,12464.638000,12463.560000,1.066000,12881.206000,12880.140000,1.064000,13512.415000,13511.351000,1.073000,14053.737000,14052.664000,1.060000,14595.242000,14594.182000,1.060000,15135.595000,15134.535000,1.052000,15642.814000,15641.762000,1.098000,16082.743000,16081.645000,1.160000,16626.342000,16625.182000,1.069000,17221.299000,17220.230000,1.037000,17745.569000,17744.532000,0.981000,18272.167000,18271.186000,0.956000,18799.620000,18798.664000
1.122000,18752.282000,18751.160000,1.212000,639.385000,638.173000,1.172000,1182.016000,1180.844000,1.055000,1736.930000,1735.875000,1.025000,2245.722000,2244.697000,1.121000,2787.102000,2785.981000,1.052000,3212.891000,3211.839000,1.118000,3865.637000,3864.519000,1.116000,4390.351000,4389.235000,1.066000,4897.812000,4896.746000,1.083000,5439.214000,5438.131000,1.136000,5997.234000,5996.098000,1.061000,6425.972000,6424.911000,1.219000,7077.700000,7076.481000,1.080000,7600.570000,7599.490000,1.107000,8142.611000,8141.504000,1.111000,8665.669000,8664.558000,0.949000,9223.616000,9222.667000,0.974000,9657.166000,9656.192000,1.000000,10304.184000,10303.184000,0.994000,10863.549000,10862.555000,0.995000,11407.097000,11406.102000,0.958000,11949.837000,11948.879000,0.994000,12506.954000,12505.960000,0.998000,12922.672000,12921.674000,0.993000,13554.436000,13553.443000,0.955000,14079.259000,14078.304000,0.996000,14620.675000,14619.679000,0.964000,15161.642000,15160.678000,0.970000,15668.710000,15667.740000,1.007000,16107.465000,16106.458000,1.133000,16634.418000,16633.285000,0.953000,17230.354000,17229.401000,0.996000,17754.451000,17753.455000,0.976000,18296.900000,18295.924000,0.956000,18841.103000,18840.147000
1.146000,18606.793000,18605.647000,1.142000,663.386000,662.244000,1.120000,1189.681000,1188.561000,1.036000,1727.039000,1726.003000,1.017000,2235.572000,2234.555000,1.074000,2760.665000,2759.591000,1.027000,3182.561000,3181.534000,1.069000,3823.072000,3822.003000,1.079000,4331.039000,4329.960000,1.044000,4838.201000,4837.157000,1.055000,5363.664000,5362.609000,1.103000,5921.948000,5920.845000,1.030000,6345.790000,6344.760000,1.075000,7001.465000,7000.390000,1.016000,7524.331000,7523.315000,1.068000,8066.219000,8065.151000,1.073000,8572.518000,8571.445000,1.037000,9113.275000,9112.238000,1.204000,9558.683000,9557.479000,1.101000,10193.179000,10192.078000,0.982000,10737.100000,10736.118000,0.970000,11280.727000,11279.757000,0.962000,11806.161000,11805.199000,0.990000,12363.684000,12362.694000,0.995000,12775.496000,12774.501000,0.962000,13412.067000,13411.105000,0.950000,13937.282000,13936.332000,0.997000,14478.943000,14477.946000,0.976000,15019.748000,15018.772000,0.973000,15527.056000,15526.083000,0.961000,15961.830000,15960.869000,1.141000,16489.004000,16487.863000,0.950000,17089.267000,17088.317000,0.970000,17613.672000,17612.702000,1.073000,18156.430000,18155.357000,0.954000,18700.110000,18699.156000
1.103000,18552.160000,18551.057000,1.142000,642.568000,641.426000,1.141000,1152.635000,1151.494000,1.051000,1658.542000,1657.491000,1.056000,2183.317000,2182.261000,1.173000,2727.441000,2726.268000,1.059000,3153.625000,3152.566000,1.035000,3790.943000,3789.908000,1.090000,4298.901000,4297.811000,1.059000,4806.477000,4805.418000,1.056000,5332.202000,5331.146000,1.159000,5890.448000,5889.289000,1.050000,6318.440000,6317.390000,1.124000,6971.272000,6970.148000,1.060000,7477.761000,7476.701000,1.057000,8003.518000,8002.461000,1.102000,8510.154000,8509.052000,1.059000,9051.299000,9050.240000,1.197000,9500.848000,9499.651000,1.077000,10147.977000,10146.900000,1.043000,10675.569000,10674.526000,1.059000,11202.473000,11201.414000,0.963000,11744.581000,11743.618000,0.964000,12269.213000,12268.249000,0.960000,12706.417000,12705.457000,0.957000,13338.561000,13337.604000,0.958000,13863.466000,13862.508000,0.949000,14404.775000,14403.826000,0.957000,14945.937000,14944.980000,0.964000,15469.230000,15468.266000,0.959000,15907.505000,15906.546000,1.131000,16434.566000,16433.435000,0.955000,17031.091000,17030.136000,0.954000,17555.269000,17554.315000,0.971000,18097.651000,18096.680000,0.957000,18641.199000,18640.242000
1.149000,18494.924000,18493.775000,1.155000,623.955000,622.800000,1.180000,1133.775000,1132.595000,1.061000,1656.239000,1655.178000,1.035000,2197.878000,2196.843000,1.025000,2722.369000,2721.344000,1.059000,3134.592000,3133.533000,1.034000,3752.563000,3751.529000,1.061000,4276.825000,4275.764000,1.066000,4784.287000,4783.221000,1.056000,5309.718000,5308.662000,1.261000,5851.507000,5850.246000,1.056000,6282.054000,6280.998000,1.072000,6932.238000,6931.166000,1.092000,7438.570000,7437.478000,1.049000,7964.354000,7963.305000,1.057000,8470.726000,8469.669000,1.069000,8995.818000,8994.749000,1.154000,9447.560000,9446.406000,1.142000,10075.543000,10074.401000,1.063000,10586.919000,10585.856000,1.053000,11113.600000,11112.547000,1.046000,11656.114000,11655.068000,1.037000,12164.238000,12163.201000,0.960000,12614.578000,12613.618000,0.955000,13260.546000,13259.591000,0.952000,13817.725000,13816.773000,0.949000,14361.602000,14360.653000,0.965000,14902.410000,14901.445000,0.963000,15409.413000,15408.450000,0.956000,15850.102000,15849.146000,1.140000,16377.333000,16376.193000,0.955000,16971.203000,16970.248000,0.956000,17495.363000,17494.407000,1.063000,18037.633000,18036.570000,0.952000,18581.423000,18580.471000
1.132000,18457.382000,18456.250000,1.159000,628.140000,626.981000,1.149000,1137.795000,1136.646000,1.047000,1659.891000,1658.844000,1.033000,2200.877000,2199.844000,1.074000,2741.915000,2740.841000,1.057000,3166.232000,3165.175000,1.111000,3772.229000,3771.118000,1.068000,4296.608000,4295.540000,1.054000,4820.260000,4819.206000,1.048000,5329.757000,5328.709000,1.094000,5862.983000,5861.889000,1.048000,6289.360000,6288.312000,1.094000,6926.587000,6925.493000,0.979000,7433.224000,7432.245000,1.052000,7958.985000,7957.933000,1.114000,8465.552000,8464.438000,1.065000,8990.619000,8989.554000,1.140000,9438.573000,9437.433000,1.065000,10070.547000,10069.482000,1.053000,10581.977000,10580.924000,1.060000,11108.698000,11107.638000,1.048000,11651.264000,11650.216000,1.055000,12159.588000,12158.533000,1.046000,12589.605000,12588.559000,1.061000,13206.165000,13205.104000,1.067000,13730.671000,13729.604000,0.955000,14256.826000,14255.871000,0.963000,14797.281000,14796.318000,0.961000,15320.474000,15319.513000,0.953000,15762.690000,15761.737000,1.136000,16289.581000,16288.445000,0.947000,16886.920000,16885.973000,0.946000,17427.877000,17426.931000,0.969000,17986.591000,17985.622000,0.960000,18547.439000,18546.479000
1.136000,18823.572000,18822.436000,1.156000,645.257000,644.101000,1.288000,1154.857000,1153.569000,1.058000,1693.564000,1692.506000,1.045000,2251.211000,2250.166000,1.114000,2808.795000,2807.681000,1.055000,3248.772000,3247.717000,1.080000,3871.861000,3870.781000,1.084000,4429.489000,4428.405000,1.043000,4986.468000,4985.425000,1.071000,5512.637000,5511.566000,1.103000,6038.504000,6037.401000,1.110000,6464.046000,6462.936000,1.063000,7100.552000,7099.489000,0.984000,7623.290000,7622.306000,1.049000,8148.886000,8147.837000,1.106000,8671.893000,8670.787000,1.052000,9212.806000,9211.754000,1.114000,9659.641000,9658.527000,1.210000,10308.738000,10307.528000,1.058000,10836.034000,10834.976000,1.094000,11378.798000,11377.704000,1.052000,11937.284000,11936.232000,1.037000,12461.826000,12460.789000,1.040000,12890.571000,12889.531000,1.061000,13524.313000,13523.252000,1.084000,14064.815000,14063.731000,1.036000,14607.378000,14606.342000,1.040000,15130.716000,15129.676000,1.048000,15687.400000,15686.352000,0.962000,16124.114000,16123.152000,1.129000,16667.501000,16666.372000,0.952000,17287.310000,17286.358000,0.956000,17811.696000,17810.740000,0.999000,18370.515000,18369.516000,0.971000,18914.660000,18913.689000
1.134000,18735.613000,18734.479000,1.158000,641.550000,640.392000,1.176000,1151.301000,1150.125000,1.203000,1673.432000,1672.229000,1.070000,2230.918000,2229.848000,1.184000,2788.028000,2786.844000,1.091000,3231.574000,3230.483000,1.077000,3851.179000,3850.102000,1.087000,4408.370000,4407.283000,1.061000,4965.468000,4964.407000,1.075000,5491.150000,5490.075000,1.119000,6017.340000,6016.221000,1.129000,6462.596000,6461.467000,1.076000,7063.833000,7062.757000,1.009000,7603.238000,7602.229000,1.055000,8135.359000,8134.304000,1.107000,8658.518000,8657.411000,1.075000,9199.388000,9198.313000,1.125000,9650.024000,9648.899000,1.116000,10295.944000,10294.828000,1.054000,10823.369000,10822.315000,1.065000,11366.042000,11364.977000,1.048000,11908.592000,11907.544000,1.062000,12433.210000,12432.148000,1.076000,12865.801000,12864.725000,1.064000,13479.962000,13478.898000,1.061000,14004.286000,14003.225000,1.056000,14547.535000,14546.479000,1.062000,15070.931000,15069.869000,1.052000,15627.673000,15626.621000,1.037000,16068.726000,16067.689000,1.136000,16612.665000,16611.529000,0.947000,17239.182000,17238.235000,0.944000,17747.300000,17746.356000,0.973000,18278.904000,18277.931000,0.966000,18822.976000,18822.010000
1.130000,18611.292000,18610.162000,1.155000,626.502000,625.347000,1.136000,1136.336000,1135.200000,1.054000,1658.633000,1657.579000,1.073000,2216.421000,2215.348000,1.280000,2757.717000,2756.437000,1.057000,3183.978000,3182.921000,1.081000,3804.570000,3803.489000,1.114000,4362.099000,4360.985000,1.087000,4919.190000,4918.103000,1.079000,5445.341000,5444.262000,1.093000,5971.314000,5970.221000,1.075000,6415.514000,6414.439000,1.128000,7034.528000,7033.400000,1.137000,7573.917000,7572.780000,1.051000,8098.856000,8097.805000,1.065000,8638.479000,8637.414000,1.061000,9164.628000,9163.567000,1.116000,9614.040000,9612.924000,1.129000,10244.309000,10243.180000,1.062000,10771.821000,10770.759000,1.063000,11298.595000,11297.532000,1.041000,11841.018000,11839.977000,1.062000,12365.639000,12364.577000,1.057000,12796.924000,12795.867000,1.062000,13412.259000,13411.197000,1.064000,13936.504000,13935.440000,1.053000,14479.086000,14478.033000,1.045000,15002.320000,15001.275000,1.062000,15542.045000,15540.983000,1.047000,15981.446000,15980.399000,1.137000,16525.572000,16524.435000,1.053000,17136.250000,17135.197000,1.018000,17660.831000,17659.813000,0.969000,18171.559000,18170.590000,0.959000,18699.862000,18698.903000
1.126000,18579.406000,18578.280000,1.087000,636.493000,635.406000,1.145000,1146.308000,1145.163000,1.075000,1668.893000,1667.818000,1.062000,2210.331000,2209.269000,1.137000,2751.395000,2750.258000,1.051000,3179.563000,3178.512000,1.087000,3798.684000,3797.597000,1.130000,4356.364000,4355.234000,1.086000,4896.494000,4895.408000,1.068000,5438.536000,5437.468000,1.103000,5964.646000,5963.543000,1.075000,6410.935000,6409.860000,1.220000,7028.403000,7027.183000,1.114000,7567.693000,7566.579000,1.017000,8109.362000,8108.345000,1.105000,8665.256000,8664.151000,0.949000,9190.884000,9189.935000,0.969000,9626.102000,9625.133000,1.002000,10238.778000,10237.776000,0.991000,10772.087000,10771.096000,0.999000,11298.799000,11297.800000,0.960000,11840.982000,11840.022000,0.998000,12349.144000,12348.146000,0.995000,12782.002000,12781.007000,0.997000,13396.187000,13395.190000,0.946000,13920.535000,13919.589000,1.010000,14463.371000,14462.361000,0.967000,14986.529000,14985.562000,0.964000,15526.579000,15525.615000,1.008000,15966.568000,15965.560000,1.133000,16493.543000,16492.410000,0.957000,17104.362000,17103.405000,0.998000,17628.593000,17627.595000,0.970000,18155.431000,18154.461000,0.962000,18667.103000,18666.141000
1.120000,18470.681000,18469.561000,1.083000,628.348000,627.265000,1.120000,1154.462000,1153.342000,1.041000,1693.440000,1692.399000,1.022000,2234.904000,2233.882000,1.071000,2792.084000,2791.013000,1.035000,3216.723000,3215.688000,1.031000,3823.146000,3822.115000,1.078000,4380.601000,4379.523000,1.065000,4920.468000,4919.403000,1.056000,5446.511000,5445.455000,1.080000,5972.688000,5971.608000,1.029000,6399.446000,6398.417000,1.114000,7020.726000,7019.612000,0.979000,7560.099000,7559.120000,1.025000,8101.861000,8100.836000,1.077000,8641.151000,8640.074000,1.038000,9150.088000,9149.050000,1.210000,9564.851000,9563.641000,1.222000,10164.293000,10163.071000,0.986000,10708.157000,10707.171000,0.964000,11219.323000,11218.359000,0.970000,11751.046000,11750.076000,0.996000,12259.425000,12258.429000,0.999000,12688.982000,12687.983000,0.988000,13306.729000,13305.741000,0.953000,13831.318000,13830.365000,0.991000,14357.769000,14356.778000,0.951000,14881.424000,14880.473000,0.969000,15421.102000,15420.133000,0.981000,15857.614000,15856.633000,1.126000,16385.084000,16383.958000,0.962000,16999.212000,16998.250000,0.954000,17523.883000,17522.929000,0.967000,18050.491000,18049.524000,0.958000,18561.957000,18560.999000
1.118000,18376.154000,18375.036000,1.089000,608.845000,607.756000,1.153000,1151.154000,1150.001000,1.040000,1673.490000,1672.450000,1.061000,2198.760000,2197.699000,1.188000,2724.171000,2722.983000,1.070000,3159.083000,3158.013000,1.016000,3762.604000,3761.588000,1.096000,4303.496000,4302.400000,1.052000,4843.681000,4842.629000,1.047000,5369.814000,5368.767000,1.139000,5895.912000,5894.773000,1.050000,6325.869000,6324.819000,1.048000,6943.747000,6942.699000,0.977000,7482.933000,7481.956000,1.046000,8024.455000,8023.409000,1.083000,8563.881000,8562.798000,1.068000,9073.215000,9072.147000,1.110000,9491.332000,9490.222000,1.107000,10087.558000,10086.451000,1.038000,10614.809000,10613.771000,1.039000,11142.291000,11141.252000,0.957000,11652.874000,11651.917000,0.954000,12177.108000,12176.154000,0.952000,12593.723000,12592.771000,0.954000,13210.022000,13209.068000,0.948000,13734.433000,13733.485000,0.957000,14260.481000,14259.524000,0.959000,14783.941000,14782.982000,0.963000,15323.881000,15322.918000,0.953000,15763.712000,15762.759000,1.131000,16290.841000,16289.710000,0.957000,16901.622000,16900.665000,0.952000,17426.017000,17425.065000,1.067000,17952.736000,17951.669000,0.966000,18463.997000,18463.031000
1.119000,18406.202000,18405.083000,1.092000,610.974000,609.882000,1.166000,1153.341000,1152.175000,1.059000,1691.909000,1690.850000,1.033000,2200.750000,2199.717000,1.065000,2709.818000,2708.753000,1.027000,3135.066000,3134.039000,1.021000,3756.091000,3755.070000,1.074000,4280.825000,4279.751000,1.026000,4821.211000,4820.185000,1.022000,5347.131000,5346.109000,1.082000,5873.227000,5872.145000,1.016000,6301.138000,6300.122000,1.059000,6920.719000,6919.660000,1.050000,7460.026000,7458.976000,1.026000,8001.518000,8000.492000,1.059000,8540.718000,8539.659000,1.031000,9049.677000,9048.646000,1.129000,9466.074000,9464.945000,1.104000,10063.501000,10062.397000,1.025000,10590.469000,10589.444000,1.024000,11117.949000,11116.925000,1.035000,11644.128000,11643.093000,1.030000,12184.668000,12183.638000,1.018000,12615.736000,12614.718000,0.955000,13231.711000,13230.756000,0.955000,13739.976000,13739.021000,0.951000,14282.153000,14281.202000,0.953000,14814.674000,14813.721000,0.961000,15354.648000,15353.687000,0.958000,15793.675000,15792.717000,1.131000,16320.872000,16319.741000,0.957000,16932.509000,16931.552000,0.948000,17457.211000,17456.263000,0.968000,17983.739000,17982.771000,0.958000,18495.089000,18494.131000
1.113000,18401.900000,18400.787000,1.096000,609.391000,608.295000,1.167000,1151.899000,1150.732000,1.047000,1690.509000,1689.462000,1.023000,2199.190000,2198.167000,1.069000,2707.723000,2706.654000,1.029000,3150.303000,3149.274000,1.044000,3786.090000,3785.046000,1.080000,4294.026000,4292.946000,1.034000,4817.958000,4816.924000,1.044000,5359.704000,5358.660000,1.229000,5901.551000,5900.322000,1.047000,6325.832000,6324.785000,1.056000,6944.288000,6943.232000,0.977000,7483.572000,7482.595000,1.048000,8025.215000,8024.167000,1.075000,8564.481000,8563.406000,1.059000,9073.816000,9072.757000,1.088000,9491.946000,9490.858000,1.066000,10088.201000,10087.135000,1.057000,10615.198000,10614.141000,1.053000,11142.653000,11141.600000,1.037000,11669.059000,11668.022000,1.053000,12209.727000,12208.674000,1.023000,12642.330000,12641.307000,1.025000,13240.789000,13239.764000,1.052000,13765.796000,13764.744000,1.017000,14291.448000,14290.431000,0.957000,14815.081000,14814.124000,0.961000,15338.696000,15337.735000,0.957000,15794.759000,15793.802000,1.126000,16316.341000,16315.215000,0.957000,16926.929000,16925.972000,0.952000,17451.428000,17450.476000,0.973000,17977.999000,17977.026000,0.964000,18489.267000,18488.303000
1.130000,18313.812000,18312.682000,1.084000,612.345000,611.261000,1.164000,1154.955000,1153.791000,1.058000,1693.487000,1692.429000,1.034000,2202.112000,2201.078000,1.077000,2710.771000,2709.694000,1.045000,3150.965000,3149.920000,1.037000,3789.231000,3788.194000,1.078000,4297.057000,4295.979000,1.068000,4804.608000,4803.540000,1.055000,5330.408000,5329.353000,1.064000,5856.354000,5855.290000,1.047000,6282.313000,6281.266000,1.068000,6919.769000,6918.701000,1.016000,7442.823000,7441.807000,1.050000,7974.304000,7973.254000,1.086000,8513.738000,8512.652000,1.053000,9022.785000,9021.732000,1.104000,9437.967000,9436.863000,1.214000,10036.706000,10035.492000,1.065000,10563.782000,10562.717000,1.058000,11091.067000,11090.009000,1.043000,11617.124000,11616.081000,1.056000,12157.758000,12156.702000,1.049000,12587.465000,12586.416000,1.055000,13188.108000,13187.053000,1.064000,13712.870000,13711.806000,1.059000,14238.334000,14237.275000,1.031000,14745.190000,14744.159000,1.042000,15252.009000,15250.967000,1.012000,15689.500000,15688.488000,1.137000,16233.425000,16232.288000,0.957000,16830.500000,16829.543000,0.946000,17371.509000,17370.563000,0.969000,17892.237000,17891.268000,0.958000,18403.689000,18402.731000
1.114000,18318.488000,18317.374000,1.098000,606.601000,605.503000,1.143000,1148.942000,1147.799000,1.042000,1687.544000,1686.502000,1.023000,2196.162000,2195.139000,1.072000,2704.572000,2703.500000,1.039000,3149.942000,3148.903000,1.064000,3782.777000,3781.713000,1.117000,4290.575000,4289.458000,1.072000,4798.280000,4797.208000,1.040000,5323.823000,5322.783000,1.097000,5849.231000,5848.134000,1.033000,6296.754000,6295.721000,1.118000,6911.875000,6910.757000,0.992000,7418.367000,7417.375000,1.049000,7927.438000,7926.389000,1.081000,8450.691000,8449.610000,1.054000,8975.328000,8974.274000,1.158000,9420.078000,9418.920000,1.225000,10013.521000,10012.296000,1.055000,10540.598000,10539.543000,1.053000,11068.234000,11067.181000,1.037000,11594.530000,11593.493000,1.043000,12135.163000,12134.120000,1.063000,12570.706000,12569.643000,1.045000,13166.307000,13165.262000,1.048000,13691.333000,13690.285000,1.050000,14216.822000,14215.772000,1.041000,14724.074000,14723.033000,1.056000,15231.193000,15230.137000,1.041000,15674.269000,15673.228000,1.134000,16217.731000,16216.597000,1.063000,16824.699000,16823.636000,1.016000,17349.008000,17347.992000,0.965000,17875.497000,17874.532000,0.964000,18402.818000,18401.854000
1.139000,18375.068000,18373.929000,1.097000,630.295000,629.198000,1.122000,1173.253000,1172.131000,1.040000,1711.824000,1710.784000,1.039000,2220.605000,2219.566000,1.060000,2729.286000,2728.226000,1.049000,3174.305000,3173.256000,1.022000,3807.760000,3806.738000,1.103000,4315.853000,4314.750000,1.061000,4823.205000,4822.144000,1.044000,5348.704000,5347.660000,1.206000,5874.460000,5873.254000,1.036000,6321.652000,6320.616000,1.161000,6937.498000,6936.337000,0.977000,7443.975000,7442.998000,1.035000,7969.540000,7968.505000,1.096000,8509.023000,8507.927000,1.029000,9018.031000,9017.002000,0.969000,9470.621000,9469.652000,0.992000,10080.965000,10079.973000,0.999000,10598.998000,10597.999000,0.998000,11125.776000,11124.778000,0.974000,11651.904000,11650.930000,0.985000,12159.917000,12158.932000,0.992000,12594.906000,12593.914000,1.008000,13191.425000,13190.417000,0.958000,13716.430000,13715.472000,0.998000,14241.905000,14240.907000,0.968000,14748.747000,14747.779000,0.972000,15272.325000,15271.353000,0.994000,15714.018000,15713.024000,1.122000,16241.649000,16240.527000,0.966000,16850.610000,16849.644000,1.000000,17374.700000,17373.700000,1.077000,17917.087000,17916.010000,0.966000,18460.755000,18459.789000
1.137000,18345.179000,18344.042000,1.080000,643.360000,642.280000,1.099000,1169.521000,1168.422000,1.042000,1691.625000,1690.583000,1.026000,2223.098000,2222.072000,1.051000,2732.628000,2731.577000,1.039000,3174.216000,3173.177000,1.018000,3811.761000,3810.743000,1.093000,4319.788000,4318.695000,1.028000,4827.298000,4826.270000,1.032000,5353.163000,5352.131000,1.097000,5879.117000,5878.020000,1.027000,6322.692000,6321.665000,1.070000,6942.113000,6941.043000,0.977000,7448.816000,7447.839000,1.030000,7974.380000,7973.350000,1.062000,8497.483000,8496.421000,1.039000,9022.910000,9021.871000,1.222000,9455.270000,9454.048000,1.243000,10086.288000,10085.045000,0.980000,10614.657000,10613.677000,0.993000,11126.024000,11125.031000,0.977000,11636.508000,11635.531000,0.987000,12166.208000,12165.221000,0.991000,12597.713000,12596.722000,0.967000,13197.622000,13196.655000,0.958000,13722.549000,13721.591000,0.947000,14247.985000,14247.038000,0.971000,14755.147000,14754.176000,0.989000,15278.581000,15277.592000,0.992000,15716.438000,15715.446000,1.120000,16243.988000,16242.868000,0.960000,16856.142000,16855.182000,0.950000,17380.385000,17379.435000,0.963000,17891.009000,17890.046000,0.958000,18434.472000,18433.514000
1.129000,18339.465000,18338.336000,1.084000,628.667000,627.583000,1.172000,1139.257000,1138.085000,1.036000,1645.222000,1644.186000,1.012000,2186.713000,2185.701000,1.178000,2711.308000,2710.130000,1.073000,3118.818000,3117.745000,1.027000,3748.241000,3747.214000,1.096000,4256.387000,4255.291000,1.055000,4763.767000,4762.712000,1.049000,5289.524000,5288.475000,1.140000,5815.270000,5814.130000,1.046000,6257.107000,6256.061000,1.056000,6878.289000,6877.233000,0.985000,7384.851000,7383.866000,1.052000,7910.330000,7909.278000,1.087000,8433.398000,8432.311000,1.060000,8958.642000,8957.582000,1.105000,9389.341000,9388.236000,1.113000,10021.535000,10020.422000,1.053000,10533.090000,10532.037000,1.020000,11044.192000,11043.172000,1.027000,11554.505000,11553.478000,0.953000,12095.464000,12094.511000,0.956000,12541.267000,12540.311000,0.973000,13158.501000,13157.528000,0.956000,13701.600000,13700.644000,0.959000,14227.321000,14226.362000,0.961000,14734.445000,14733.484000,0.961000,15258.003000,15257.042000,0.956000,15694.531000,15693.575000,1.159000,16221.585000,16220.426000,0.955000,16835.618000,16834.663000,0.958000,17359.861000,17358.903000,0.999000,17886.305000,17885.306000,0.960000,18430.019000,18429.059000
1.160000,18345.885000,18344.725000,1.084000,624.612000,623.528000,1.177000,1134.332000,1133.155000,1.047000,1640.174000,1639.127000,1.024000,2164.498000,2163.474000,1.067000,2705.609000,2704.542000,1.047000,3116.948000,3115.901000,1.020000,3719.161000,3718.141000,1.029000,4243.400000,4242.371000,1.059000,4766.846000,4765.787000,1.039000,5288.935000,5287.896000,1.091000,5814.734000,5813.643000,1.053000,6261.396000,6260.343000,1.061000,6878.077000,6877.016000,0.980000,7384.715000,7383.735000,1.051000,7910.345000,7909.294000,1.090000,8433.445000,8432.355000,1.060000,8958.857000,8957.797000,1.097000,9394.446000,9393.349000,1.064000,10022.424000,10021.360000,1.050000,10535.049000,10533.999000,1.056000,11046.558000,11045.502000,1.047000,11557.225000,11556.178000,1.030000,12098.124000,12097.094000,1.038000,12531.883000,12530.845000,1.039000,13161.395000,13160.356000,0.954000,13685.845000,13684.891000,0.945000,14196.183000,14195.238000,0.958000,14719.535000,14718.577000,0.955000,15260.181000,15259.226000,0.955000,15701.571000,15700.616000,1.130000,16228.893000,16227.763000,0.949000,16837.610000,16836.661000,0.944000,17361.857000,17360.913000,0.969000,17888.456000,17887.487000,0.966000,18432.305000,18431.339000
1.135000,18416.268000,18415.133000,1.090000,624.560000,623.470000,1.124000,1134.714000,1133.590000,1.046000,1640.461000,1639.415000,1.029000,2165.104000,2164.075000,1.074000,2706.194000,2705.120000,1.060000,3117.732000,3116.672000,1.060000,3736.184000,3735.124000,1.065000,4276.878000,4275.813000,1.034000,4817.107000,4816.073000,1.026000,5343.153000,5342.127000,1.255000,5853.084000,5851.829000,1.051000,6283.409000,6282.358000,1.061000,6901.127000,6900.066000,0.976000,7407.767000,7406.791000,1.053000,7933.121000,7932.068000,1.091000,8456.163000,8455.072000,1.059000,8981.561000,8980.502000,1.084000,9416.720000,9415.636000,1.066000,10044.575000,10043.509000,1.051000,10556.050000,10554.999000,1.056000,11067.269000,11066.213000,1.029000,11577.657000,11576.628000,1.045000,12118.612000,12117.567000,1.025000,12552.169000,12551.144000,1.058000,13181.352000,13180.294000,1.063000,13722.477000,13721.414000,1.027000,14248.667000,14247.640000,1.027000,14789.066000,14788.039000,0.955000,15312.338000,15311.383000,0.958000,15737.962000,15737.004000,1.132000,16281.949000,16280.817000,0.953000,16907.269000,16906.316000,0.954000,17431.714000,17430.760000,0.973000,17958.336000,17957.363000,0.958000,18502.250000,18501.292000
1.151000,18462.384000,18461.233000,1.095000,625.505000,624.410000,1.131000,1135.142000,1134.011000,1.045000,1641.013000,1639.968000,1.028000,2165.364000,2164.336000,1.072000,2706.144000,2705.072000,1.044000,3116.750000,3115.706000,1.037000,3736.066000,3735.029000,1.088000,4276.592000,4275.504000,1.074000,4816.714000,4815.640000,1.037000,5326.423000,5325.386000,1.100000,5852.421000,5851.321000,1.043000,6264.961000,6263.918000,1.059000,6882.143000,6881.084000,1.049000,7404.716000,7403.667000,1.061000,7945.951000,7944.890000,1.090000,8476.486000,8475.396000,1.061000,9001.898000,9000.837000,1.097000,9436.375000,9435.278000,1.061000,10065.139000,10064.078000,1.050000,10576.986000,10575.936000,1.059000,11088.921000,11087.862000,1.047000,11599.663000,11598.616000,1.051000,12140.603000,12139.552000,1.067000,12573.654000,12572.587000,1.065000,13203.881000,13202.816000,1.055000,13745.049000,13743.994000,1.147000,14271.300000,14270.153000,1.045000,14811.703000,14810.658000,1.041000,15351.576000,15350.535000,1.022000,15793.092000,15792.070000,1.133000,16337.298000,16336.165000,0.947000,16962.729000,16961.782000,0.944000,17470.927000,17469.983000,0.967000,18013.678000,18012.711000,0.964000,18549.336000,18548.372000
1.115000,18389.328000,18388.213000,1.086000,623.795000,622.709000,1.198000,1133.933000,1132.735000,1.044000,1639.710000,1638.666000,1.026000,2164.391000,2163.365000,1.069000,2705.543000,2704.474000,1.048000,3118.059000,3117.011000,1.078000,3735.656000,3734.578000,1.110000,4276.438000,4275.328000,1.071000,4816.651000,4815.580000,1.051000,5326.726000,5325.675000,1.105000,5852.751000,5851.646000,1.030000,6267.092000,6266.062000,1.106000,6866.639000,6865.533000,0.990000,7405.928000,7404.938000,1.038000,7930.891000,7929.853000,1.061000,8454.038000,8452.977000,1.055000,8994.920000,8993.865000,1.116000,9415.404000,9414.288000,1.212000,10032.717000,10031.505000,1.053000,10544.446000,10543.393000,1.055000,11055.761000,11054.706000,1.043000,11566.112000,11565.069000,1.014000,12107.016000,12106.002000,1.055000,12541.573000,12540.518000,1.057000,13169.813000,13168.756000,1.068000,13710.806000,13709.738000,1.055000,14237.098000,14236.043000,1.023000,14777.519000,14776.496000,1.043000,15317.305000,15316.262000,1.047000,15760.294000,15759.247000,1.129000,16304.484000,16303.355000,1.060000,16911.559000,16910.499000,1.016000,17436.149000,17435.133000,1.039000,17962.645000,17961.606000,0.956000,18474.266000,18473.310000
1.125000,18421.040000,18419.915000,1.085000,608.302000,607.217000,1.176000,1140.117000,1138.941000,1.045000,1646.340000,1645.295000,1.026000,2170.916000,2169.890000,1.058000,2711.802000,2710.744000,1.040000,3123.102000,3122.062000,1.042000,3741.800000,3740.758000,1.107000,4282.678000,4281.571000,1.071000,4822.808000,4821.737000,1.039000,5332.761000,5331.722000,1.220000,5858.844000,5857.624000,1.028000,6272.445000,6271.417000,1.149000,6873.340000,6872.191000,0.996000,7412.596000,7411.600000,1.067000,7937.692000,7936.625000,1.060000,8444.028000,8442.968000,1.078000,8968.743000,8967.665000,1.272000,9404.775000,9403.503000,0.964000,10000.145000,9999.181000,0.996000,10527.108000,10526.112000,0.991000,11053.845000,11052.854000,0.971000,11599.537000,11598.566000,0.981000,12140.174000,12139.193000,0.950000,12573.847000,12572.897000,0.983000,13203.504000,13202.521000,0.952000,13744.872000,13743.920000,1.002000,14270.923000,14269.921000,0.975000,14811.236000,14810.261000,0.974000,15351.112000,15350.138000,0.993000,15792.227000,15791.234000,1.138000,16319.279000,16318.141000,0.953000,16928.870000,16927.917000,0.997000,17453.229000,17452.232000,0.976000,17979.599000,17978.623000,0.958000,18507.903000,18506.945000
1.140000,18451.905000,18450.765000,1.095000,625.447000,624.352000,1.148000,1168.064000,1166.916000,1.042000,1690.323000,1689.281000,1.015000,2199.146000,2198.131000,1.022000,2731.343000,2730.321000,1.029000,3142.608000,3141.579000,1.016000,3761.186000,3760.170000,1.065000,4301.885000,4300.820000,1.058000,4841.859000,4840.801000,1.037000,5351.578000,5350.541000,1.090000,5877.723000,5876.633000,1.038000,6290.968000,6289.930000,1.121000,6891.817000,6890.696000,0.979000,7431.076000,7430.097000,1.060000,7955.785000,7954.725000,1.067000,8461.984000,8460.917000,1.075000,8986.737000,8985.662000,1.100000,9422.235000,9421.135000,1.063000,10033.696000,10032.633000,1.059000,10577.626000,10576.567000,1.031000,11121.360000,11120.329000,0.961000,11647.736000,11646.775000,0.963000,12172.118000,12171.155000,0.951000,12602.229000,12601.278000,0.999000,13232.427000,13231.428000,0.963000,13773.820000,13772.857000,1.094000,14300.316000,14299.222000,0.972000,14841.175000,14840.203000,0.963000,15381.284000,15380.321000,0.983000,15822.574000,15821.591000,1.128000,16349.922000,16348.794000,0.953000,16959.333000,16958.380000,0.949000,17484.135000,17483.186000,0.975000,18010.808000,18009.833000,0.954000,18520.429000,18519.475000
1.106000,18410.421000,18409.315000,1.089000,626.196000,625.107000,1.194000,1151.705000,1150.511000,1.034000,1690.386000,1689.352000,1.027000,2215.718000,2214.691000,1.027000,2724.159000,2723.132000,1.068000,3150.255000,3149.187000,1.018000,3786.318000,3785.300000,1.029000,4317.863000,4316.834000,1.055000,4858.162000,4857.107000,1.076000,5367.957000,5366.881000,1.087000,5894.242000,5893.155000,1.054000,6306.323000,6305.269000,1.101000,6908.572000,6907.471000,1.061000,7447.829000,7446.768000,1.094000,7972.722000,7971.628000,1.075000,8479.092000,8478.017000,1.053000,9004.258000,9003.205000,1.162000,9438.728000,9437.566000,1.257000,10051.287000,10050.030000,1.045000,10595.035000,10593.990000,1.054000,11138.904000,11137.850000,1.025000,11665.407000,11664.382000,1.028000,12173.573000,12172.545000,0.958000,12606.269000,12605.311000,0.959000,13221.041000,13220.082000,0.951000,13746.098000,13745.147000,0.955000,14277.557000,14276.602000,0.965000,14818.350000,14817.385000,0.963000,15358.219000,15357.256000,0.953000,15798.623000,15797.670000,1.128000,16325.725000,16324.597000,0.961000,16935.817000,16934.856000,0.952000,17460.265000,17459.313000,0.977000,17986.427000,17985.450000,0.989000,18497.905000,18496.916000
1.112000,18314.578000,18313.466000,1.486000,623.909000,622.423000,1.165000,1150.312000,1149.147000,1.260000,1688.664000,1687.404000,1.086000,2214.550000,2213.464000,1.125000,2739.887000,2738.762000,1.080000,3184.967000,3183.887000,1.059000,3802.330000,3801.271000,1.064000,4310.297000,4309.233000,1.071000,4834.350000,4833.279000,1.090000,5360.173000,5359.083000,1.164000,5884.041000,5882.877000,1.055000,6298.809000,6297.754000,1.071000,6898.566000,6897.495000,1.055000,7437.789000,7436.734000,1.064000,7962.719000,7961.655000,1.112000,8468.816000,8467.704000,1.088000,8993.651000,8992.563000,1.104000,9430.050000,9428.946000,1.105000,10040.588000,10039.483000,1.050000,10584.488000,10583.438000,1.069000,11127.976000,11126.907000,1.050000,11654.503000,11653.453000,1.072000,12162.567000,12161.495000,1.068000,12580.549000,12579.481000,1.059000,13177.130000,13176.071000,1.064000,13685.244000,13684.180000,0.955000,14210.565000,14209.610000,0.959000,14734.069000,14733.110000,0.979000,15257.326000,15256.347000,0.982000,15701.762000,15700.780000,1.137000,16229.075000,16227.938000,0.972000,16837.940000,16836.968000,0.973000,17362.687000,17361.714000,0.981000,17889.204000,17888.223000,0.965000,18400.327000,18399.362000
1.114000,18386.036000,18384.922000,1.230000,607.306000,606.076000,1.160000,1132.928000,1131.768000,1.043000,1687.963000,1686.920000,1.038000,2213.254000,2212.216000,1.105000,2738.511000,2737.406000,1.084000,3183.499000,3182.415000,1.058000,3801.012000,3799.954000,1.079000,4325.559000,4324.480000,1.125000,4848.999000,4847.874000,1.074000,5391.316000,5390.242000,1.087000,5916.953000,5915.866000,1.049000,6347.646000,6346.597000,1.059000,6963.547000,6962.488000,0.989000,7493.377000,7492.388000,1.049000,8018.492000,8017.443000,1.084000,8525.064000,8523.980000,1.051000,9049.895000,9048.844000,1.140000,9486.515000,9485.375000,1.221000,10097.113000,10095.892000,1.047000,10640.976000,10639.929000,1.056000,11184.547000,11183.491000,1.039000,11710.945000,11709.906000,1.053000,12219.106000,12218.053000,1.068000,12637.368000,12636.300000,1.053000,13233.980000,13232.927000,1.057000,13742.179000,13741.122000,1.021000,14284.637000,14283.616000,1.031000,14791.667000,14790.636000,1.025000,15298.684000,15297.659000,0.962000,15740.872000,15739.910000,1.149000,16284.580000,16283.431000,0.965000,16877.723000,16876.758000,0.956000,17401.309000,17400.353000,0.979000,17927.698000,17926.719000,0.961000,18475.785000,18474.824000
1.121000,18434.086000,18432.965000,1.137000,607.065000,605.928000,1.140000,1133.242000,1132.102000,1.067000,1671.874000,1670.807000,1.108000,2197.019000,2195.911000,1.137000,2722.857000,2721.720000,1.083000,3168.284000,3167.201000,1.064000,3785.271000,3784.207000,1.081000,4310.159000,4309.078000,1.095000,4834.154000,4833.059000,1.109000,5375.961000,5374.852000,1.081000,5917.611000,5916.530000,1.030000,6365.187000,6364.157000,1.154000,6997.373000,6996.219000,1.103000,7503.857000,7502.754000,1.079000,8013.307000,8012.228000,1.117000,8536.289000,8535.172000,1.077000,9083.818000,9082.741000,1.113000,9521.012000,9519.899000,1.222000,10131.178000,10129.956000,1.050000,10674.754000,10673.704000,1.076000,11218.168000,11217.092000,1.050000,11744.524000,11743.474000,1.043000,12252.754000,12251.711000,1.054000,12671.136000,12670.082000,1.057000,13267.072000,13266.015000,1.059000,13775.254000,13774.195000,1.081000,14317.626000,14316.545000,1.056000,14824.627000,14823.571000,1.067000,15331.413000,15330.346000,1.024000,15789.585000,15788.561000,1.135000,16333.081000,16331.946000,1.067000,16941.728000,16940.661000,0.952000,17466.034000,17465.082000,0.974000,17976.361000,17975.387000,1.006000,18519.500000,18518.494000
1.164000,18504.506000,18503.342000,1.104000,621.842000,620.738000,1.191000,1147.578000,1146.387000,1.040000,1686.209000,1685.169000,1.028000,2211.445000,2210.417000,1.063000,2736.517000,2735.454000,1.134000,3166.827000,3165.693000,1.034000,3798.619000,3797.585000,1.093000,4323.113000,4322.020000,1.064000,4846.950000,4845.886000,1.046000,5388.480000,5387.434000,1.207000,5930.155000,5928.948000,1.084000,6362.770000,6361.686000,6.887000,7009.519000,7002.632000,7.551000,7532.172000,7524.621000,7.332000,8057.685000,8050.353000,1.132000,8591.382000,8590.250000,1.058000,9115.745000,9114.687000,1.161000,9559.455000,9558.294000,1.223000,10188.950000,10187.727000,1.044000,10733.173000,10732.129000,1.054000,11276.905000,11275.851000,1.037000,11803.616000,11802.579000,1.047000,12311.856000,12310.809000,1.075000,12721.725000,12720.650000,1.047000,13326.779000,13325.732000,1.059000,13835.076000,13834.017000,1.057000,14377.630000,14376.573000,1.045000,14884.840000,14883.795000,1.035000,15392.094000,15391.059000,1.049000,15841.928000,15840.879000,1.130000,16385.877000,16384.747000,1.042000,17002.635000,17001.593000,1.022000,17543.852000,17542.830000,1.043000,18070.974000,18069.931000,1.060000,18598.415000,18597.355000
1.153000,18401.874000,18400.721000,1.090000,626.078000,624.988000,1.124000,1135.962000,1134.838000,1.159000,1664.873000,1663.714000,1.055000,2190.153000,2189.098000,1.098000,2715.068000,2713.970000,1.097000,3157.300000,3156.203000,1.012000,3777.281000,3776.269000,1.060000,4301.969000,4300.909000,1.059000,4825.741000,4824.682000,1.077000,5367.143000,5366.066000,1.165000,5908.832000,5907.667000,1.040000,6353.167000,6352.127000,1.138000,6988.252000,6987.114000,1.027000,7511.025000,7509.998000,1.027000,8036.386000,8035.359000,1.132000,8575.701000,8574.569000,1.070000,9084.584000,9083.514000,1.252000,9517.687000,9516.435000,0.958000,10131.140000,10130.182000,0.948000,10659.303000,10658.355000,0.999000,11186.228000,11185.229000,0.968000,11713.030000,11712.062000,0.960000,12220.998000,12220.038000,0.942000,12636.859000,12635.917000,0.967000,13236.514000,13235.547000,0.954000,13744.779000,13743.825000,0.947000,14287.296000,14286.349000,0.965000,14794.311000,14793.346000,0.973000,15301.420000,15300.447000,0.950000,15755.968000,15755.018000,1.161000,16284.171000,16283.010000,0.952000,16895.510000,16894.558000,0.952000,17436.781000,17435.829000,0.989000,17963.396000,17962.407000,0.966000,18490.848000,18489.882000
1.127000,18476.028000,18474.901000,1.087000,643.246000,642.159000,1.168000,1169.883000,1168.715000,1.026000,1675.725000,1674.699000,1.053000,2217.210000,2216.157000,1.058000,2758.029000,2756.971000,1.070000,3190.693000,3189.623000,1.022000,3811.566000,3810.544000,1.031000,4336.285000,4335.254000,1.056000,4860.314000,4859.258000,1.084000,5402.120000,5401.036000,1.087000,5944.099000,5943.012000,1.063000,6387.702000,6386.639000,1.100000,7023.457000,7022.357000,0.985000,7546.197000,7545.212000,1.017000,8071.591000,8070.574000,1.027000,8610.890000,8609.863000,1.058000,9120.221000,9119.163000,1.094000,9552.867000,9551.773000,1.059000,10183.237000,10182.178000,1.017000,10694.660000,10693.643000,1.064000,11205.770000,11204.706000,0.967000,11732.156000,11731.189000,0.953000,12256.410000,12255.457000,0.949000,12687.651000,12686.702000,0.955000,13309.005000,13308.050000,0.949000,13817.456000,13816.507000,0.939000,14360.057000,14359.118000,0.961000,14867.514000,14866.553000,0.966000,15374.661000,15373.695000,0.952000,15829.271000,15828.319000,1.164000,16342.789000,16341.625000,0.957000,16969.594000,16968.637000,0.950000,17510.720000,17509.770000,0.984000,18037.575000,18036.591000,0.974000,18564.912000,18563.938000
1.121000,18504.279000,18503.158000,1.096000,643.488000,642.392000,1.133000,1170.067000,1168.934000,1.042000,1692.714000,1691.672000,1.024000,2217.482000,2216.458000,1.077000,2742.194000,2741.117000,1.057000,3151.227000,3150.170000,1.011000,3755.994000,3754.983000,1.029000,4302.493000,4301.464000,1.053000,4826.490000,4825.437000,1.071000,5367.854000,5366.783000,1.236000,5909.422000,5908.186000,1.051000,6353.227000,6352.176000,1.054000,6988.913000,6987.859000,1.069000,7511.341000,7510.272000,1.046000,8036.532000,8035.486000,1.067000,8575.779000,8574.712000,1.054000,9084.745000,9083.691000,1.161000,9517.406000,9516.245000,1.026000,10147.394000,10146.368000,1.047000,10658.457000,10657.410000,1.056000,11169.277000,11168.221000,1.029000,11711.643000,11710.614000,1.020000,12252.356000,12251.336000,1.020000,12699.865000,12698.845000,0.970000,13331.286000,13330.316000,0.960000,13855.328000,13854.368000,0.951000,14387.186000,14386.235000,0.976000,14894.973000,14893.997000,0.971000,15402.323000,15401.352000,0.954000,15841.715000,15840.761000,1.138000,16385.106000,16383.968000,0.959000,16996.977000,16996.018000,0.960000,17538.467000,17537.507000,0.973000,18065.277000,18064.304000,0.966000,18592.804000,18591.838000
1.134000,18518.886000,18517.752000,1.085000,643.659000,642.574000,1.209000,1169.942000,1168.733000,1.037000,1692.213000,1691.176000,1.037000,2216.895000,2215.858000,1.072000,2741.085000,2740.013000,1.043000,3166.736000,3165.693000,1.062000,3787.689000,3786.627000,1.025000,4328.518000,4327.493000,1.061000,4868.573000,4867.512000,1.053000,5394.511000,5393.458000,1.090000,5927.112000,5926.022000,1.018000,6370.599000,6369.581000,1.056000,7006.340000,7005.284000,0.982000,7529.108000,7528.126000,1.054000,8054.537000,8053.483000,1.054000,8593.779000,8592.725000,1.022000,9103.333000,9102.311000,1.136000,9535.900000,9534.764000,1.028000,10166.320000,10165.292000,1.015000,10678.408000,10677.393000,1.056000,11189.692000,11188.636000,1.038000,11732.372000,11731.334000,1.024000,12273.214000,12272.190000,1.027000,12720.639000,12719.612000,1.029000,13336.112000,13335.083000,1.060000,13877.135000,13876.075000,0.943000,14387.168000,14386.225000,0.957000,14910.739000,14909.782000,0.953000,15434.076000,15433.123000,1.005000,15872.440000,15871.435000,1.130000,16400.315000,16399.185000,0.961000,17012.378000,17011.417000,0.952000,17553.485000,17552.533000,0.968000,18080.263000,18079.295000,0.967000,18607.670000,18606.703000
1.132000,18515.231000,18514.099000,1.093000,642.400000,641.307000,1.164000,1168.826000,1167.662000,1.036000,1691.205000,1690.169000,1.029000,2215.979000,2214.950000,1.075000,2740.461000,2739.386000,1.044000,3167.775000,3166.731000,1.069000,3787.390000,3786.321000,1.075000,4311.992000,4310.917000,1.035000,4835.930000,4834.895000,1.055000,5346.153000,5345.098000,1.083000,5856.435000,5855.352000,1.227000,6301.804000,6300.577000,1.054000,6919.844000,6918.790000,1.085000,7438.162000,7437.077000,1.050000,7963.453000,7962.403000,1.093000,8502.831000,8501.738000,1.063000,9011.787000,9010.724000,1.102000,9445.855000,9444.753000,1.057000,10074.395000,10073.338000,1.050000,10586.025000,10584.975000,1.054000,11096.917000,11095.863000,1.027000,11639.560000,11638.533000,1.045000,12180.281000,12179.236000,1.027000,12629.635000,12628.608000,1.051000,13243.426000,13242.375000,1.068000,13784.444000,13783.376000,1.027000,14310.484000,14309.457000,1.029000,14850.904000,14849.875000,1.025000,15376.569000,15375.544000,0.969000,15832.168000,15831.199000,1.126000,16375.001000,16373.875000,0.959000,17006.208000,17005.249000,0.954000,17547.990000,17547.036000,0.969000,18074.808000,18073.839000,0.964000,18602.327000,18601.363000
1.134000,18473.344000,18472.210000,1.092000,641.581000,640.489000,1.158000,1167.964000,1166.806000,1.038000,1690.271000,1689.233000,1.034000,2215.155000,2214.121000,1.064000,2739.804000,2738.740000,1.070000,3167.788000,3166.718000,1.072000,3786.712000,3785.640000,1.072000,4311.196000,4310.124000,1.040000,4834.868000,4833.828000,1.053000,5344.721000,5343.668000,1.093000,5871.024000,5869.931000,1.087000,6284.266000,6283.179000,1.159000,6884.977000,6883.818000,0.979000,7407.534000,7406.555000,1.039000,7949.301000,7948.262000,1.084000,8479.721000,8478.637000,1.050000,8989.105000,8988.055000,1.159000,9423.675000,9422.516000,1.215000,10051.998000,10050.783000,1.046000,10563.539000,10562.493000,1.059000,11074.605000,11073.546000,1.049000,11617.036000,11615.987000,1.047000,12157.938000,12156.891000,1.030000,12607.454000,12606.424000,1.051000,13220.948000,13219.897000,1.064000,13761.923000,13760.859000,1.055000,14288.091000,14287.036000,1.044000,14828.650000,14827.606000,1.057000,15368.417000,15367.360000,1.028000,15809.524000,15808.496000,1.135000,16353.370000,16352.235000,0.951000,16962.418000,16961.467000,0.956000,17486.823000,17485.867000,0.965000,18029.374000,18028.409000,0.965000,18559.900000,18558.935000
1.108000,18422.314000,18421.206000,1.095000,639.807000,638.712000,1.219000,1166.664000,1165.445000,1.042000,1689.190000,1688.148000,1.079000,2213.971000,2212.892000,1.130000,2738.531000,2737.401000,1.103000,3168.209000,3167.106000,1.074000,3785.715000,3784.641000,1.120000,4310.022000,4308.902000,1.119000,4834.112000,4832.993000,1.060000,5344.278000,5343.218000,1.105000,5870.638000,5869.533000,1.064000,6285.559000,6284.495000,1.219000,6884.574000,6883.355000,1.005000,7424.319000,7423.314000,1.124000,7949.293000,7948.169000,1.056000,8455.862000,8454.806000,1.056000,8980.658000,8979.602000,1.106000,9401.471000,9400.365000,1.215000,10018.960000,10017.745000,1.051000,10530.350000,10529.299000,1.055000,11041.214000,11040.159000,1.029000,11583.563000,11582.534000,1.045000,12124.209000,12123.164000,1.069000,12575.241000,12574.172000,1.051000,13187.273000,13186.222000,1.072000,13728.253000,13727.181000,1.053000,14254.470000,14253.417000,1.317000,14794.653000,14793.336000,1.061000,15334.510000,15333.449000,1.047000,15777.262000,15776.215000,1.132000,16320.995000,16319.863000,1.065000,16944.477000,16943.412000,1.024000,17452.680000,17451.656000,1.035000,17978.941000,17977.906000,0.960000,18507.236000,18506.276000
1.117000,18430.303000,18429.186000,1.120000,625.838000,624.718000,1.174000,1168.068000,1166.894000,1.081000,1686.393000,1685.312000,1.051000,2211.299000,2210.248000,1.121000,2736.357000,2735.236000,1.068000,3163.157000,3162.089000,1.088000,3783.477000,3782.389000,1.125000,4308.072000,4306.947000,1.088000,4832.135000,4831.047000,1.075000,5341.928000,5340.853000,1.285000,5868.221000,5866.936000,1.022000,6280.329000,6279.307000,1.206000,6882.605000,6881.399000,1.031000,7422.148000,7421.117000,1.077000,7947.152000,7946.075000,1.102000,8470.373000,8469.271000,1.085000,9011.724000,9010.639000,1.270000,9445.856000,9444.586000,0.966000,10043.438000,10042.472000,0.992000,10570.515000,10569.523000,1.005000,11097.142000,11096.137000,0.962000,11628.445000,11627.483000,0.943000,12168.879000,12167.936000,0.999000,12617.251000,12616.252000,0.993000,13232.582000,13231.589000,0.955000,13773.665000,13772.710000,1.001000,14283.844000,14282.843000,0.951000,14840.034000,14839.083000,0.963000,15379.726000,15378.763000,0.994000,15818.303000,15817.309000,1.130000,16345.384000,16344.254000,0.964000,16973.341000,16972.377000,0.995000,17481.515000,17480.520000,0.977000,18007.775000,18006.798000,0.957000,18519.164000,18518.207000
